
*********************************************************
>>> ROUND INIT 1/1; time remaining = 1.7976931348623157E308, horizon = 10
*********************************************************
**Action: [AIR($r4) = 10.0;, AIR($r3) = 10.0;, AIR($r2) = 10.0;, AIR($r6) = 10.0;, AIR($r1) = 10.0;, AIR($r5) = 10.0;]
**Action: [AIR($r3) = 10.0;, AIR($r1) = 10.0;, AIR($r6) = 10.0;, AIR($r5) = 10.0;, AIR($r2) = 10.0;, AIR($r4) = 10.0;]
**Action: [AIR($r5) = 10.0;, AIR($r6) = 10.0;, AIR($r1) = 10.0;, AIR($r2) = 10.0;, AIR($r3) = 10.0;, AIR($r4) = 10.0;]
**Action: [AIR($r5) = 10.0;, AIR($r3) = 10.0;, AIR($r1) = 10.0;, AIR($r6) = 10.0;, AIR($r4) = 10.0;, AIR($r2) = 10.0;]
**Action: [AIR($r3) = 3.0010059948901766;, AIR($r4) = 3.0010059948901766;, AIR($r6) = 3.0010059948901766;, AIR($r1) = 3.0010059948901766;, AIR($r2) = 0.0;, AIR($r5) = 0.0;]
**Action: [AIR($r1) = 2.962812947558291;, AIR($r2) = 2.455908576632473;, AIR($r5) = 2.455908576632473;, AIR($r6) = 2.962812947558291;, AIR($r3) = 2.962812947558291;, AIR($r4) = 2.962812947558291;]
**Action: [AIR($r4) = 3.001489295976013;, AIR($r6) = 3.001489295976013;, AIR($r2) = 1.593610640626325;, AIR($r1) = 3.001489295976013;, AIR($r3) = 3.001489295976013;, AIR($r5) = 1.593610640626325;]
**Action: [AIR($r1) = 2.976861325000125;, AIR($r4) = 2.976861325000125;, AIR($r2) = 1.9533870119920904;, AIR($r6) = 2.976861325000125;, AIR($r3) = 2.976861325000125;, AIR($r5) = 1.9533870119920904;]
**Action: [AIR($r5) = 1.8054095830601313;, AIR($r6) = 2.9909704678029767;, AIR($r4) = 2.9909704678029767;, AIR($r3) = 2.9909704678029767;, AIR($r1) = 2.9909704678029767;, AIR($r2) = 1.8054095830601313;]
**Action: [AIR($r3) = 2.983373793338302;, AIR($r2) = 1.8667337233744818;, AIR($r1) = 2.983373793338302;, AIR($r4) = 2.983373793338302;, AIR($r6) = 2.983373793338302;, AIR($r5) = 1.8667337233744818;]

*********************************************************
>>> ROUND END, reward = -482120.6394397812
*********************************************************

*********************************************************
>>> ROUND INIT 1/1; time remaining = 1.7976931348623157E308, horizon = 10
*********************************************************
**Action: [AIR($r5) = 10.0;, AIR($r1) = 10.0;, AIR($r4) = 10.0;, AIR($r6) = 10.0;, AIR($r3) = 10.0;, AIR($r2) = 10.0;]
**Action: [AIR($r6) = 10.0;, AIR($r5) = 10.0;, AIR($r1) = 10.0;, AIR($r4) = 10.0;, AIR($r2) = 10.0;, AIR($r3) = 10.0;]
**Action: [AIR($r1) = 10.0;, AIR($r5) = 10.0;, AIR($r6) = 10.0;, AIR($r4) = 10.0;, AIR($r2) = 10.0;, AIR($r3) = 10.0;]
**Action: [AIR($r5) = 10.0;, AIR($r6) = 10.0;, AIR($r2) = 10.0;, AIR($r3) = 10.0;, AIR($r1) = 10.0;, AIR($r4) = 10.0;]
**Action: [AIR($r6) = 3.0010059948901766;, AIR($r2) = 0.0;, AIR($r3) = 3.0010059948901766;, AIR($r1) = 3.0010059948901766;, AIR($r5) = 0.0;, AIR($r4) = 3.0010059948901766;]
**Action: [AIR($r6) = 2.962812947558291;, AIR($r3) = 2.962812947558291;, AIR($r5) = 2.455908576632473;, AIR($r1) = 2.962812947558291;, AIR($r2) = 2.455908576632473;, AIR($r4) = 2.962812947558291;]
**Action: [AIR($r2) = 1.593610640626325;, AIR($r5) = 1.593610640626325;, AIR($r4) = 3.001489295976013;, AIR($r6) = 3.001489295976013;, AIR($r3) = 3.001489295976013;, AIR($r1) = 3.001489295976013;]
**Action: [AIR($r6) = 2.976861325000125;, AIR($r2) = 1.9533870119920904;, AIR($r5) = 1.9533870119920904;, AIR($r3) = 2.976861325000125;, AIR($r4) = 2.976861325000125;, AIR($r1) = 2.976861325000125;]
**Action: [AIR($r4) = 2.9909704678029767;, AIR($r1) = 2.9909704678029767;, AIR($r2) = 1.8054095830601313;, AIR($r5) = 1.8054095830601313;, AIR($r6) = 2.9909704678029767;, AIR($r3) = 2.9909704678029767;]
**Action: [AIR($r1) = 2.983373793338302;, AIR($r5) = 1.8667337233744818;, AIR($r2) = 1.8667337233744818;, AIR($r3) = 2.983373793338302;, AIR($r6) = 2.983373793338302;, AIR($r4) = 2.983373793338302;]

*********************************************************
>>> ROUND END, reward = -482120.6394397812
*********************************************************

*********************************************************
>>> ROUND INIT 1/1; time remaining = 1.7976931348623157E308, horizon = 10
*********************************************************
**Action: [AIR($r2) = 10.0;, AIR($r3) = 10.0;, AIR($r6) = 10.0;, AIR($r1) = 10.0;, AIR($r5) = 10.0;, AIR($r4) = 10.0;]
**Action: [AIR($r5) = 10.0;, AIR($r4) = 10.0;, AIR($r1) = 10.0;, AIR($r6) = 10.0;, AIR($r2) = 10.0;, AIR($r3) = 10.0;]
**Action: [AIR($r1) = 10.0;, AIR($r3) = 10.0;, AIR($r6) = 10.0;, AIR($r4) = 10.0;, AIR($r5) = 10.0;, AIR($r2) = 10.0;]
**Action: [AIR($r2) = 10.0;, AIR($r6) = 10.0;, AIR($r4) = 10.0;, AIR($r5) = 10.0;, AIR($r1) = 10.0;, AIR($r3) = 10.0;]
**Action: [AIR($r3) = 3.0010059948901766;, AIR($r6) = 3.0010059948901766;, AIR($r4) = 3.0010059948901766;, AIR($r2) = 0.0;, AIR($r1) = 3.0010059948901766;, AIR($r5) = 0.0;]
**Action: [AIR($r1) = 2.962812947558291;, AIR($r3) = 2.962812947558291;, AIR($r5) = 2.455908576632473;, AIR($r6) = 2.962812947558291;, AIR($r2) = 2.455908576632473;, AIR($r4) = 2.962812947558291;]
**Action: [AIR($r2) = 1.593610640626325;, AIR($r4) = 3.001489295976013;, AIR($r3) = 3.001489295976013;, AIR($r5) = 1.593610640626325;, AIR($r1) = 3.001489295976013;, AIR($r6) = 3.001489295976013;]
**Action: [AIR($r4) = 2.976861325000125;, AIR($r5) = 1.9533870119920904;, AIR($r3) = 2.976861325000125;, AIR($r1) = 2.976861325000125;, AIR($r2) = 1.9533870119920904;, AIR($r6) = 2.976861325000125;]
**Action: [AIR($r6) = 2.9909704678029767;, AIR($r3) = 2.9909704678029767;, AIR($r1) = 2.9909704678029767;, AIR($r4) = 2.9909704678029767;, AIR($r5) = 1.8054095830601313;, AIR($r2) = 1.8054095830601313;]
**Action: [AIR($r6) = 2.983373793338302;, AIR($r1) = 2.983373793338302;, AIR($r2) = 1.8667337233744818;, AIR($r4) = 2.983373793338302;, AIR($r5) = 1.8667337233744818;, AIR($r3) = 2.983373793338302;]

*********************************************************
>>> ROUND END, reward = -482120.6394397812
*********************************************************

*********************************************************
>>> ROUND INIT 1/1; time remaining = 1.7976931348623157E308, horizon = 10
*********************************************************
**Action: [AIR($r1) = 10.0;, AIR($r5) = 10.0;, AIR($r4) = 10.0;, AIR($r3) = 10.0;, AIR($r6) = 10.0;, AIR($r2) = 10.0;]
**Action: [AIR($r1) = 10.0;, AIR($r6) = 10.0;, AIR($r2) = 10.0;, AIR($r3) = 10.0;, AIR($r4) = 10.0;, AIR($r5) = 10.0;]
**Action: [AIR($r2) = 10.0;, AIR($r5) = 10.0;, AIR($r3) = 10.0;, AIR($r4) = 10.0;, AIR($r1) = 10.0;, AIR($r6) = 10.0;]
**Action: [AIR($r1) = 10.0;, AIR($r4) = 10.0;, AIR($r3) = 10.0;, AIR($r2) = 10.0;, AIR($r5) = 10.0;, AIR($r6) = 10.0;]
**Action: [AIR($r5) = 0.0;, AIR($r6) = 3.0010059948901766;, AIR($r1) = 3.0010059948901766;, AIR($r4) = 3.0010059948901766;, AIR($r2) = 0.0;, AIR($r3) = 3.0010059948901766;]
**Action: [AIR($r5) = 2.455908576632473;, AIR($r6) = 2.962812947558291;, AIR($r3) = 2.962812947558291;, AIR($r1) = 2.962812947558291;, AIR($r4) = 2.962812947558291;, AIR($r2) = 2.455908576632473;]
**Action: [AIR($r2) = 1.593610640626325;, AIR($r6) = 3.001489295976013;, AIR($r3) = 3.001489295976013;, AIR($r4) = 3.001489295976013;, AIR($r1) = 3.001489295976013;, AIR($r5) = 1.593610640626325;]
**Action: [AIR($r1) = 2.976861325000125;, AIR($r2) = 1.9533870119920904;, AIR($r4) = 2.976861325000125;, AIR($r6) = 2.976861325000125;, AIR($r3) = 2.976861325000125;, AIR($r5) = 1.9533870119920904;]
**Action: [AIR($r1) = 2.9909704678029767;, AIR($r2) = 1.8054095830601313;, AIR($r6) = 2.9909704678029767;, AIR($r4) = 2.9909704678029767;, AIR($r5) = 1.8054095830601313;, AIR($r3) = 2.9909704678029767;]
**Action: [AIR($r1) = 2.983373793338302;, AIR($r4) = 2.983373793338302;, AIR($r6) = 2.983373793338302;, AIR($r3) = 2.983373793338302;, AIR($r5) = 1.8667337233744818;, AIR($r2) = 1.8667337233744818;]

*********************************************************
>>> ROUND END, reward = -482120.6394397812
*********************************************************

*********************************************************
>>> ROUND INIT 1/1; time remaining = 1.7976931348623157E308, horizon = 10
*********************************************************
**Action: [AIR($r1) = 10.0;, AIR($r2) = 10.0;, AIR($r4) = 10.0;, AIR($r3) = 10.0;, AIR($r6) = 10.0;, AIR($r5) = 10.0;]
**Action: [AIR($r2) = 10.0;, AIR($r4) = 10.0;, AIR($r3) = 10.0;, AIR($r1) = 10.0;, AIR($r6) = 10.0;, AIR($r5) = 10.0;]
**Action: [AIR($r1) = 10.0;, AIR($r3) = 10.0;, AIR($r5) = 10.0;, AIR($r2) = 10.0;, AIR($r6) = 10.0;, AIR($r4) = 10.0;]
**Action: [AIR($r3) = 10.0;, AIR($r5) = 10.0;, AIR($r4) = 10.0;, AIR($r6) = 10.0;, AIR($r1) = 10.0;, AIR($r2) = 10.0;]
**Action: [AIR($r2) = 0.0;, AIR($r1) = 3.0010059948901766;, AIR($r6) = 3.0010059948901766;, AIR($r5) = 0.0;, AIR($r3) = 3.0010059948901766;, AIR($r4) = 3.0010059948901766;]
**Action: [AIR($r6) = 2.962812947558291;, AIR($r4) = 2.962812947558291;, AIR($r2) = 2.455908576632473;, AIR($r1) = 2.962812947558291;, AIR($r5) = 2.455908576632473;, AIR($r3) = 2.962812947558291;]
**Action: [AIR($r5) = 1.593610640626325;, AIR($r3) = 3.001489295976013;, AIR($r2) = 1.593610640626325;, AIR($r4) = 3.001489295976013;, AIR($r6) = 3.001489295976013;, AIR($r1) = 3.001489295976013;]
**Action: [AIR($r1) = 2.976861325000125;, AIR($r6) = 2.976861325000125;, AIR($r2) = 1.9533870119920904;, AIR($r3) = 2.976861325000125;, AIR($r5) = 1.9533870119920904;, AIR($r4) = 2.976861325000125;]
**Action: [AIR($r3) = 2.9909704678029767;, AIR($r6) = 2.9909704678029767;, AIR($r2) = 1.8054095830601313;, AIR($r4) = 2.9909704678029767;, AIR($r5) = 1.8054095830601313;, AIR($r1) = 2.9909704678029767;]
**Action: [AIR($r6) = 2.983373793338302;, AIR($r2) = 1.8667337233744818;, AIR($r4) = 2.983373793338302;, AIR($r1) = 2.983373793338302;, AIR($r3) = 2.983373793338302;, AIR($r5) = 1.8667337233744818;]

*********************************************************
>>> ROUND END, reward = -482120.6394397812
*********************************************************

*********************************************************
>>> ROUND INIT 1/1; time remaining = 1.7976931348623157E308, horizon = 10
*********************************************************
**Action: [AIR($r5) = 10.0;, AIR($r1) = 10.0;, AIR($r4) = 10.0;, AIR($r2) = 10.0;, AIR($r6) = 10.0;, AIR($r3) = 10.0;]
**Action: [AIR($r6) = 10.0;, AIR($r5) = 10.0;, AIR($r3) = 10.0;, AIR($r4) = 10.0;, AIR($r2) = 10.0;, AIR($r1) = 10.0;]
**Action: [AIR($r6) = 10.0;, AIR($r5) = 10.0;, AIR($r2) = 10.0;, AIR($r3) = 10.0;, AIR($r4) = 10.0;, AIR($r1) = 10.0;]
**Action: [AIR($r3) = 10.0;, AIR($r1) = 10.0;, AIR($r6) = 10.0;, AIR($r2) = 10.0;, AIR($r5) = 10.0;, AIR($r4) = 10.0;]
**Action: [AIR($r6) = 3.0010059948901766;, AIR($r1) = 3.0010059948901766;, AIR($r5) = 0.0;, AIR($r3) = 3.0010059948901766;, AIR($r4) = 3.0010059948901766;, AIR($r2) = 0.0;]
**Action: [AIR($r1) = 2.962812947558291;, AIR($r6) = 2.962812947558291;, AIR($r2) = 2.455908576632473;, AIR($r3) = 2.962812947558291;, AIR($r5) = 2.455908576632473;, AIR($r4) = 2.962812947558291;]
**Action: [AIR($r4) = 3.001489295976013;, AIR($r5) = 1.593610640626325;, AIR($r6) = 3.001489295976013;, AIR($r3) = 3.001489295976013;, AIR($r2) = 1.593610640626325;, AIR($r1) = 3.001489295976013;]
**Action: [AIR($r6) = 2.976861325000125;, AIR($r3) = 2.976861325000125;, AIR($r4) = 2.976861325000125;, AIR($r2) = 1.9533870119920904;, AIR($r5) = 1.9533870119920904;, AIR($r1) = 2.976861325000125;]
**Action: [AIR($r6) = 2.9909704678029767;, AIR($r2) = 1.8054095830601313;, AIR($r4) = 2.9909704678029767;, AIR($r1) = 2.9909704678029767;, AIR($r3) = 2.9909704678029767;, AIR($r5) = 1.8054095830601313;]
**Action: [AIR($r5) = 1.8667337233744818;, AIR($r4) = 2.983373793338302;, AIR($r6) = 2.983373793338302;, AIR($r3) = 2.983373793338302;, AIR($r2) = 1.8667337233744818;, AIR($r1) = 2.983373793338302;]

*********************************************************
>>> ROUND END, reward = -482120.6394397812
*********************************************************

*********************************************************
>>> ROUND INIT 1/1; time remaining = 1.7976931348623157E308, horizon = 10
*********************************************************
**Action: [AIR($r1) = 10.0;, AIR($r5) = 10.0;, AIR($r4) = 10.0;, AIR($r6) = 10.0;, AIR($r2) = 10.0;, AIR($r3) = 10.0;]
**Action: [AIR($r6) = 10.0;, AIR($r5) = 10.0;, AIR($r3) = 10.0;, AIR($r4) = 10.0;, AIR($r1) = 10.0;, AIR($r2) = 10.0;]
**Action: [AIR($r3) = 10.0;, AIR($r2) = 10.0;, AIR($r5) = 10.0;, AIR($r6) = 10.0;, AIR($r1) = 10.0;, AIR($r4) = 10.0;]
**Action: [AIR($r3) = 10.0;, AIR($r6) = 10.0;, AIR($r2) = 10.0;, AIR($r1) = 10.0;, AIR($r4) = 10.0;, AIR($r5) = 10.0;]
**Action: [AIR($r2) = 0.0;, AIR($r6) = 3.0010059948901766;, AIR($r1) = 3.0010059948901766;, AIR($r3) = 3.0010059948901766;, AIR($r4) = 3.0010059948901766;, AIR($r5) = 0.0;]
**Action: [AIR($r1) = 2.962812947558291;, AIR($r5) = 2.455908576632473;, AIR($r6) = 2.962812947558291;, AIR($r3) = 2.962812947558291;, AIR($r4) = 2.962812947558291;, AIR($r2) = 2.455908576632473;]
**Action: [AIR($r3) = 3.001489295976013;, AIR($r6) = 3.001489295976013;, AIR($r4) = 3.001489295976013;, AIR($r5) = 1.593610640626325;, AIR($r2) = 1.593610640626325;, AIR($r1) = 3.001489295976013;]
**Action: [AIR($r1) = 2.976861325000125;, AIR($r5) = 1.9533870119920904;, AIR($r3) = 2.976861325000125;, AIR($r4) = 2.976861325000125;, AIR($r6) = 2.976861325000125;, AIR($r2) = 1.9533870119920904;]
**Action: [AIR($r5) = 1.8054095830601313;, AIR($r2) = 1.8054095830601313;, AIR($r3) = 2.9909704678029767;, AIR($r1) = 2.9909704678029767;, AIR($r6) = 2.9909704678029767;, AIR($r4) = 2.9909704678029767;]
**Action: [AIR($r3) = 2.983373793338302;, AIR($r1) = 2.983373793338302;, AIR($r5) = 1.8667337233744818;, AIR($r2) = 1.8667337233744818;, AIR($r6) = 2.983373793338302;, AIR($r4) = 2.983373793338302;]

*********************************************************
>>> ROUND END, reward = -482120.6394397812
*********************************************************

*********************************************************
>>> ROUND INIT 1/1; time remaining = 1.7976931348623157E308, horizon = 10
*********************************************************
**Action: [AIR($r5) = 10.0;, AIR($r6) = 10.0;, AIR($r1) = 10.0;, AIR($r4) = 10.0;, AIR($r3) = 10.0;, AIR($r2) = 10.0;]
**Action: [AIR($r3) = 10.0;, AIR($r6) = 10.0;, AIR($r2) = 10.0;, AIR($r4) = 10.0;, AIR($r5) = 10.0;, AIR($r1) = 10.0;]
**Action: [AIR($r4) = 10.0;, AIR($r3) = 10.0;, AIR($r6) = 10.0;, AIR($r2) = 10.0;, AIR($r5) = 10.0;, AIR($r1) = 10.0;]
**Action: [AIR($r4) = 10.0;, AIR($r2) = 10.0;, AIR($r5) = 10.0;, AIR($r3) = 10.0;, AIR($r6) = 10.0;, AIR($r1) = 10.0;]
**Action: [AIR($r2) = 0.0;, AIR($r1) = 3.0010059948901766;, AIR($r3) = 3.0010059948901766;, AIR($r6) = 3.0010059948901766;, AIR($r5) = 0.0;, AIR($r4) = 3.0010059948901766;]
**Action: [AIR($r6) = 2.962812947558291;, AIR($r5) = 2.455908576632473;, AIR($r2) = 2.455908576632473;, AIR($r3) = 2.962812947558291;, AIR($r4) = 2.962812947558291;, AIR($r1) = 2.962812947558291;]
**Action: [AIR($r3) = 3.001489295976013;, AIR($r5) = 1.593610640626325;, AIR($r1) = 3.001489295976013;, AIR($r6) = 3.001489295976013;, AIR($r4) = 3.001489295976013;, AIR($r2) = 1.593610640626325;]
**Action: [AIR($r2) = 1.9533870119920904;, AIR($r5) = 1.9533870119920904;, AIR($r4) = 2.976861325000125;, AIR($r1) = 2.976861325000125;, AIR($r3) = 2.976861325000125;, AIR($r6) = 2.976861325000125;]
**Action: [AIR($r1) = 2.9909704678029767;, AIR($r2) = 1.8054095830601313;, AIR($r5) = 1.8054095830601313;, AIR($r3) = 2.9909704678029767;, AIR($r4) = 2.9909704678029767;, AIR($r6) = 2.9909704678029767;]
**Action: [AIR($r4) = 2.983373793338302;, AIR($r6) = 2.983373793338302;, AIR($r2) = 1.8667337233744818;, AIR($r1) = 2.983373793338302;, AIR($r5) = 1.8667337233744818;, AIR($r3) = 2.983373793338302;]

*********************************************************
>>> ROUND END, reward = -482120.6394397812
*********************************************************

*********************************************************
>>> ROUND INIT 1/1; time remaining = 1.7976931348623157E308, horizon = 10
*********************************************************
**Action: [AIR($r5) = 10.0;, AIR($r3) = 10.0;, AIR($r6) = 10.0;, AIR($r4) = 10.0;, AIR($r2) = 10.0;, AIR($r1) = 10.0;]
**Action: [AIR($r4) = 10.0;, AIR($r6) = 10.0;, AIR($r3) = 10.0;, AIR($r5) = 10.0;, AIR($r1) = 10.0;, AIR($r2) = 10.0;]
**Action: [AIR($r1) = 10.0;, AIR($r3) = 10.0;, AIR($r6) = 10.0;, AIR($r4) = 10.0;, AIR($r2) = 10.0;, AIR($r5) = 10.0;]
**Action: [AIR($r6) = 10.0;, AIR($r3) = 10.0;, AIR($r1) = 10.0;, AIR($r4) = 10.0;, AIR($r5) = 10.0;, AIR($r2) = 10.0;]
**Action: [AIR($r2) = 0.0;, AIR($r6) = 3.0010059948901766;, AIR($r3) = 3.0010059948901766;, AIR($r4) = 3.0010059948901766;, AIR($r5) = 0.0;, AIR($r1) = 3.0010059948901766;]
**Action: [AIR($r2) = 2.455908576632473;, AIR($r4) = 2.962812947558291;, AIR($r1) = 2.962812947558291;, AIR($r5) = 2.455908576632473;, AIR($r6) = 2.962812947558291;, AIR($r3) = 2.962812947558291;]
**Action: [AIR($r5) = 1.593610640626325;, AIR($r1) = 3.001489295976013;, AIR($r2) = 1.593610640626325;, AIR($r3) = 3.001489295976013;, AIR($r6) = 3.001489295976013;, AIR($r4) = 3.001489295976013;]
**Action: [AIR($r2) = 1.9533870119920904;, AIR($r5) = 1.9533870119920904;, AIR($r1) = 2.976861325000125;, AIR($r6) = 2.976861325000125;, AIR($r4) = 2.976861325000125;, AIR($r3) = 2.976861325000125;]
**Action: [AIR($r6) = 2.9909704678029767;, AIR($r1) = 2.9909704678029767;, AIR($r3) = 2.9909704678029767;, AIR($r5) = 1.8054095830601313;, AIR($r2) = 1.8054095830601313;, AIR($r4) = 2.9909704678029767;]
**Action: [AIR($r3) = 2.983373793338302;, AIR($r2) = 1.8667337233744818;, AIR($r1) = 2.983373793338302;, AIR($r4) = 2.983373793338302;, AIR($r5) = 1.8667337233744818;, AIR($r6) = 2.983373793338302;]

*********************************************************
>>> ROUND END, reward = -482120.6394397812
*********************************************************

*********************************************************
>>> ROUND INIT 1/1; time remaining = 1.7976931348623157E308, horizon = 10
*********************************************************
**Action: [AIR($r4) = 10.0;, AIR($r6) = 10.0;, AIR($r5) = 10.0;, AIR($r2) = 10.0;, AIR($r1) = 10.0;, AIR($r3) = 10.0;]
**Action: [AIR($r5) = 10.0;, AIR($r6) = 10.0;, AIR($r3) = 10.0;, AIR($r4) = 10.0;, AIR($r1) = 10.0;, AIR($r2) = 10.0;]
**Action: [AIR($r1) = 10.0;, AIR($r4) = 10.0;, AIR($r2) = 10.0;, AIR($r6) = 10.0;, AIR($r3) = 10.0;, AIR($r5) = 10.0;]
**Action: [AIR($r2) = 10.0;, AIR($r1) = 10.0;, AIR($r3) = 10.0;, AIR($r6) = 10.0;, AIR($r5) = 10.0;, AIR($r4) = 10.0;]
**Action: [AIR($r4) = 3.0010059948901766;, AIR($r3) = 3.0010059948901766;, AIR($r1) = 3.0010059948901766;, AIR($r2) = 0.0;, AIR($r5) = 0.0;, AIR($r6) = 3.0010059948901766;]
**Action: [AIR($r4) = 2.962812947558291;, AIR($r3) = 2.962812947558291;, AIR($r2) = 2.455908576632473;, AIR($r5) = 2.455908576632473;, AIR($r1) = 2.962812947558291;, AIR($r6) = 2.962812947558291;]
**Action: [AIR($r1) = 3.001489295976013;, AIR($r5) = 1.593610640626325;, AIR($r6) = 3.001489295976013;, AIR($r2) = 1.593610640626325;, AIR($r3) = 3.001489295976013;, AIR($r4) = 3.001489295976013;]
**Action: [AIR($r2) = 1.9533870119920904;, AIR($r3) = 2.976861325000125;, AIR($r6) = 2.976861325000125;, AIR($r5) = 1.9533870119920904;, AIR($r4) = 2.976861325000125;, AIR($r1) = 2.976861325000125;]
**Action: [AIR($r2) = 1.8054095830601313;, AIR($r1) = 2.9909704678029767;, AIR($r3) = 2.9909704678029767;, AIR($r6) = 2.9909704678029767;, AIR($r5) = 1.8054095830601313;, AIR($r4) = 2.9909704678029767;]
**Action: [AIR($r1) = 2.983373793338302;, AIR($r4) = 2.983373793338302;, AIR($r2) = 1.8667337233744818;, AIR($r5) = 1.8667337233744818;, AIR($r6) = 2.983373793338302;, AIR($r3) = 2.983373793338302;]

*********************************************************
>>> ROUND END, reward = -482120.6394397812
*********************************************************

*********************************************************
>>> ROUND INIT 1/1; time remaining = 1.7976931348623157E308, horizon = 10
*********************************************************
**Action: [AIR($r1) = 10.0;, AIR($r5) = 10.0;, AIR($r2) = 10.0;, AIR($r4) = 10.0;, AIR($r3) = 10.0;, AIR($r6) = 10.0;]
**Action: [AIR($r5) = 10.0;, AIR($r6) = 10.0;, AIR($r1) = 10.0;, AIR($r2) = 10.0;, AIR($r3) = 10.0;, AIR($r4) = 10.0;]
**Action: [AIR($r2) = 10.0;, AIR($r6) = 10.0;, AIR($r5) = 10.0;, AIR($r3) = 10.0;, AIR($r4) = 10.0;, AIR($r1) = 10.0;]
**Action: [AIR($r4) = 10.0;, AIR($r2) = 10.0;, AIR($r5) = 10.0;, AIR($r1) = 10.0;, AIR($r6) = 10.0;, AIR($r3) = 10.0;]
**Action: [AIR($r1) = 3.0010059948901766;, AIR($r5) = 0.0;, AIR($r6) = 3.0010059948901766;, AIR($r4) = 3.0010059948901766;, AIR($r3) = 3.0010059948901766;, AIR($r2) = 0.0;]
**Action: [AIR($r1) = 2.962812947558291;, AIR($r6) = 2.962812947558291;, AIR($r4) = 2.962812947558291;, AIR($r2) = 2.455908576632473;, AIR($r3) = 2.962812947558291;, AIR($r5) = 2.455908576632473;]
**Action: [AIR($r1) = 3.001489295976013;, AIR($r4) = 3.001489295976013;, AIR($r6) = 3.001489295976013;, AIR($r3) = 3.001489295976013;, AIR($r5) = 1.593610640626325;, AIR($r2) = 1.593610640626325;]
**Action: [AIR($r6) = 2.976861325000125;, AIR($r4) = 2.976861325000125;, AIR($r1) = 2.976861325000125;, AIR($r5) = 1.9533870119920904;, AIR($r3) = 2.976861325000125;, AIR($r2) = 1.9533870119920904;]
**Action: [AIR($r2) = 1.8054095830601313;, AIR($r6) = 2.9909704678029767;, AIR($r4) = 2.9909704678029767;, AIR($r1) = 2.9909704678029767;, AIR($r5) = 1.8054095830601313;, AIR($r3) = 2.9909704678029767;]
**Action: [AIR($r2) = 1.8667337233744818;, AIR($r1) = 2.983373793338302;, AIR($r3) = 2.983373793338302;, AIR($r6) = 2.983373793338302;, AIR($r5) = 1.8667337233744818;, AIR($r4) = 2.983373793338302;]

*********************************************************
>>> ROUND END, reward = -482120.6394397812
*********************************************************

*********************************************************
>>> ROUND INIT 1/1; time remaining = 1.7976931348623157E308, horizon = 10
*********************************************************
**Action: [AIR($r6) = 10.0;, AIR($r5) = 10.0;, AIR($r2) = 10.0;, AIR($r3) = 10.0;, AIR($r1) = 10.0;, AIR($r4) = 10.0;]
**Action: [AIR($r2) = 10.0;, AIR($r4) = 10.0;, AIR($r6) = 10.0;, AIR($r1) = 10.0;, AIR($r5) = 10.0;, AIR($r3) = 10.0;]
**Action: [AIR($r2) = 10.0;, AIR($r5) = 10.0;, AIR($r4) = 10.0;, AIR($r3) = 10.0;, AIR($r6) = 10.0;, AIR($r1) = 10.0;]
**Action: [AIR($r3) = 10.0;, AIR($r4) = 10.0;, AIR($r5) = 10.0;, AIR($r6) = 10.0;, AIR($r1) = 10.0;, AIR($r2) = 10.0;]
**Action: [AIR($r1) = 3.0010059948901766;, AIR($r2) = 0.0;, AIR($r5) = 0.0;, AIR($r4) = 3.0010059948901766;, AIR($r3) = 3.0010059948901766;, AIR($r6) = 3.0010059948901766;]
**Action: [AIR($r4) = 2.962812947558291;, AIR($r6) = 2.962812947558291;, AIR($r2) = 2.455908576632473;, AIR($r1) = 2.962812947558291;, AIR($r5) = 2.455908576632473;, AIR($r3) = 2.962812947558291;]
**Action: [AIR($r2) = 1.593610640626325;, AIR($r3) = 3.001489295976013;, AIR($r4) = 3.001489295976013;, AIR($r6) = 3.001489295976013;, AIR($r5) = 1.593610640626325;, AIR($r1) = 3.001489295976013;]
**Action: [AIR($r4) = 2.976861325000125;, AIR($r6) = 2.976861325000125;, AIR($r2) = 1.9533870119920904;, AIR($r1) = 2.976861325000125;, AIR($r3) = 2.976861325000125;, AIR($r5) = 1.9533870119920904;]
**Action: [AIR($r4) = 2.9909704678029767;, AIR($r3) = 2.9909704678029767;, AIR($r5) = 1.8054095830601313;, AIR($r2) = 1.8054095830601313;, AIR($r1) = 2.9909704678029767;, AIR($r6) = 2.9909704678029767;]
**Action: [AIR($r2) = 1.8667337233744818;, AIR($r5) = 1.8667337233744818;, AIR($r4) = 2.983373793338302;, AIR($r3) = 2.983373793338302;, AIR($r1) = 2.983373793338302;, AIR($r6) = 2.983373793338302;]

*********************************************************
>>> ROUND END, reward = -482120.6394397812
*********************************************************

*********************************************************
>>> ROUND INIT 1/1; time remaining = 1.7976931348623157E308, horizon = 10
*********************************************************
**Action: [AIR($r2) = 10.0;, AIR($r3) = 10.0;, AIR($r5) = 10.0;, AIR($r6) = 10.0;, AIR($r1) = 10.0;, AIR($r4) = 10.0;]
**Action: [AIR($r3) = 10.0;, AIR($r1) = 10.0;, AIR($r6) = 10.0;, AIR($r5) = 10.0;, AIR($r4) = 10.0;, AIR($r2) = 10.0;]
**Action: [AIR($r5) = 10.0;, AIR($r1) = 10.0;, AIR($r6) = 10.0;, AIR($r3) = 10.0;, AIR($r2) = 10.0;, AIR($r4) = 10.0;]
**Action: [AIR($r2) = 10.0;, AIR($r4) = 10.0;, AIR($r3) = 10.0;, AIR($r1) = 10.0;, AIR($r6) = 10.0;, AIR($r5) = 10.0;]
**Action: [AIR($r4) = 3.0010059948901766;, AIR($r5) = 0.0;, AIR($r2) = 0.0;, AIR($r3) = 3.0010059948901766;, AIR($r1) = 3.0010059948901766;, AIR($r6) = 3.0010059948901766;]
**Action: [AIR($r5) = 2.455908576632473;, AIR($r6) = 2.962812947558291;, AIR($r2) = 2.455908576632473;, AIR($r4) = 2.962812947558291;, AIR($r1) = 2.962812947558291;, AIR($r3) = 2.962812947558291;]
**Action: [AIR($r1) = 3.001489295976013;, AIR($r4) = 3.001489295976013;, AIR($r5) = 1.593610640626325;, AIR($r2) = 1.593610640626325;, AIR($r3) = 3.001489295976013;, AIR($r6) = 3.001489295976013;]
**Action: [AIR($r3) = 2.976861325000125;, AIR($r2) = 1.9533870119920904;, AIR($r6) = 2.976861325000125;, AIR($r4) = 2.976861325000125;, AIR($r1) = 2.976861325000125;, AIR($r5) = 1.9533870119920904;]
**Action: [AIR($r2) = 1.8054095830601313;, AIR($r5) = 1.8054095830601313;, AIR($r3) = 2.9909704678029767;, AIR($r4) = 2.9909704678029767;, AIR($r6) = 2.9909704678029767;, AIR($r1) = 2.9909704678029767;]
**Action: [AIR($r3) = 2.983373793338302;, AIR($r5) = 1.8667337233744818;, AIR($r6) = 2.983373793338302;, AIR($r4) = 2.983373793338302;, AIR($r2) = 1.8667337233744818;, AIR($r1) = 2.983373793338302;]

*********************************************************
>>> ROUND END, reward = -482120.6394397812
*********************************************************

*********************************************************
>>> ROUND INIT 1/1; time remaining = 1.7976931348623157E308, horizon = 10
*********************************************************
**Action: [AIR($r6) = 10.0;, AIR($r3) = 10.0;, AIR($r5) = 10.0;, AIR($r2) = 10.0;, AIR($r1) = 10.0;, AIR($r4) = 10.0;]
**Action: [AIR($r5) = 10.0;, AIR($r1) = 10.0;, AIR($r4) = 10.0;, AIR($r6) = 10.0;, AIR($r3) = 10.0;, AIR($r2) = 10.0;]
**Action: [AIR($r2) = 10.0;, AIR($r4) = 10.0;, AIR($r6) = 10.0;, AIR($r3) = 10.0;, AIR($r5) = 10.0;, AIR($r1) = 10.0;]
**Action: [AIR($r3) = 10.0;, AIR($r4) = 10.0;, AIR($r2) = 10.0;, AIR($r6) = 10.0;, AIR($r1) = 10.0;, AIR($r5) = 10.0;]
**Action: [AIR($r4) = 3.0010059948901766;, AIR($r2) = 0.0;, AIR($r6) = 3.0010059948901766;, AIR($r1) = 3.0010059948901766;, AIR($r3) = 3.0010059948901766;, AIR($r5) = 0.0;]
**Action: [AIR($r4) = 2.962812947558291;, AIR($r3) = 2.962812947558291;, AIR($r5) = 2.455908576632473;, AIR($r2) = 2.455908576632473;, AIR($r1) = 2.962812947558291;, AIR($r6) = 2.962812947558291;]
**Action: [AIR($r3) = 3.001489295976013;, AIR($r5) = 1.593610640626325;, AIR($r6) = 3.001489295976013;, AIR($r4) = 3.001489295976013;, AIR($r1) = 3.001489295976013;, AIR($r2) = 1.593610640626325;]
**Action: [AIR($r6) = 2.976861325000125;, AIR($r3) = 2.976861325000125;, AIR($r5) = 1.9533870119920904;, AIR($r4) = 2.976861325000125;, AIR($r2) = 1.9533870119920904;, AIR($r1) = 2.976861325000125;]
**Action: [AIR($r3) = 2.9909704678029767;, AIR($r4) = 2.9909704678029767;, AIR($r6) = 2.9909704678029767;, AIR($r5) = 1.8054095830601313;, AIR($r2) = 1.8054095830601313;, AIR($r1) = 2.9909704678029767;]
**Action: [AIR($r4) = 2.983373793338302;, AIR($r2) = 1.8667337233744818;, AIR($r5) = 1.8667337233744818;, AIR($r1) = 2.983373793338302;, AIR($r3) = 2.983373793338302;, AIR($r6) = 2.983373793338302;]

*********************************************************
>>> ROUND END, reward = -482120.6394397812
*********************************************************

*********************************************************
>>> ROUND INIT 1/1; time remaining = 1.7976931348623157E308, horizon = 10
*********************************************************
**Action: [AIR($r1) = 10.0;, AIR($r5) = 10.0;, AIR($r4) = 10.0;, AIR($r2) = 10.0;, AIR($r6) = 10.0;, AIR($r3) = 10.0;]
**Action: [AIR($r1) = 10.0;, AIR($r4) = 10.0;, AIR($r5) = 10.0;, AIR($r3) = 10.0;, AIR($r6) = 10.0;, AIR($r2) = 10.0;]
**Action: [AIR($r5) = 10.0;, AIR($r1) = 10.0;, AIR($r6) = 10.0;, AIR($r3) = 10.0;, AIR($r4) = 10.0;, AIR($r2) = 10.0;]
**Action: [AIR($r4) = 10.0;, AIR($r1) = 10.0;, AIR($r2) = 10.0;, AIR($r6) = 10.0;, AIR($r5) = 10.0;, AIR($r3) = 10.0;]
**Action: [AIR($r3) = 3.0010059948901766;, AIR($r6) = 3.0010059948901766;, AIR($r2) = 0.0;, AIR($r1) = 3.0010059948901766;, AIR($r4) = 3.0010059948901766;, AIR($r5) = 0.0;]
**Action: [AIR($r6) = 2.962812947558291;, AIR($r1) = 2.962812947558291;, AIR($r4) = 2.962812947558291;, AIR($r3) = 2.962812947558291;, AIR($r2) = 2.455908576632473;, AIR($r5) = 2.455908576632473;]
**Action: [AIR($r4) = 3.001489295976013;, AIR($r5) = 1.593610640626325;, AIR($r3) = 3.001489295976013;, AIR($r6) = 3.001489295976013;, AIR($r2) = 1.593610640626325;, AIR($r1) = 3.001489295976013;]
**Action: [AIR($r3) = 2.976861325000125;, AIR($r2) = 1.9533870119920904;, AIR($r6) = 2.976861325000125;, AIR($r1) = 2.976861325000125;, AIR($r4) = 2.976861325000125;, AIR($r5) = 1.9533870119920904;]
**Action: [AIR($r1) = 2.9909704678029767;, AIR($r6) = 2.9909704678029767;, AIR($r4) = 2.9909704678029767;, AIR($r3) = 2.9909704678029767;, AIR($r5) = 1.8054095830601313;, AIR($r2) = 1.8054095830601313;]
**Action: [AIR($r6) = 2.983373793338302;, AIR($r3) = 2.983373793338302;, AIR($r1) = 2.983373793338302;, AIR($r5) = 1.8667337233744818;, AIR($r4) = 2.983373793338302;, AIR($r2) = 1.8667337233744818;]

*********************************************************
>>> ROUND END, reward = -482120.6394397812
*********************************************************

*********************************************************
>>> ROUND INIT 1/1; time remaining = 1.7976931348623157E308, horizon = 10
*********************************************************
**Action: [AIR($r1) = 10.0;, AIR($r2) = 10.0;, AIR($r6) = 10.0;, AIR($r3) = 10.0;, AIR($r4) = 10.0;, AIR($r5) = 10.0;]
**Action: [AIR($r5) = 10.0;, AIR($r6) = 10.0;, AIR($r4) = 10.0;, AIR($r3) = 10.0;, AIR($r1) = 10.0;, AIR($r2) = 10.0;]
**Action: [AIR($r5) = 10.0;, AIR($r6) = 10.0;, AIR($r1) = 10.0;, AIR($r3) = 10.0;, AIR($r2) = 10.0;, AIR($r4) = 10.0;]
**Action: [AIR($r3) = 10.0;, AIR($r1) = 10.0;, AIR($r6) = 10.0;, AIR($r4) = 10.0;, AIR($r2) = 10.0;, AIR($r5) = 10.0;]
**Action: [AIR($r4) = 3.0010059948901766;, AIR($r6) = 3.0010059948901766;, AIR($r5) = 0.0;, AIR($r1) = 3.0010059948901766;, AIR($r3) = 3.0010059948901766;, AIR($r2) = 0.0;]
**Action: [AIR($r2) = 2.455908576632473;, AIR($r6) = 2.962812947558291;, AIR($r5) = 2.455908576632473;, AIR($r3) = 2.962812947558291;, AIR($r4) = 2.962812947558291;, AIR($r1) = 2.962812947558291;]
**Action: [AIR($r2) = 1.593610640626325;, AIR($r1) = 3.001489295976013;, AIR($r6) = 3.001489295976013;, AIR($r4) = 3.001489295976013;, AIR($r3) = 3.001489295976013;, AIR($r5) = 1.593610640626325;]
**Action: [AIR($r4) = 2.976861325000125;, AIR($r1) = 2.976861325000125;, AIR($r3) = 2.976861325000125;, AIR($r6) = 2.976861325000125;, AIR($r5) = 1.9533870119920904;, AIR($r2) = 1.9533870119920904;]
**Action: [AIR($r3) = 2.9909704678029767;, AIR($r4) = 2.9909704678029767;, AIR($r1) = 2.9909704678029767;, AIR($r6) = 2.9909704678029767;, AIR($r5) = 1.8054095830601313;, AIR($r2) = 1.8054095830601313;]
**Action: [AIR($r4) = 2.983373793338302;, AIR($r2) = 1.8667337233744818;, AIR($r1) = 2.983373793338302;, AIR($r3) = 2.983373793338302;, AIR($r5) = 1.8667337233744818;, AIR($r6) = 2.983373793338302;]

*********************************************************
>>> ROUND END, reward = -482120.6394397812
*********************************************************

*********************************************************
>>> ROUND INIT 1/1; time remaining = 1.7976931348623157E308, horizon = 10
*********************************************************
**Action: [AIR($r4) = 10.0;, AIR($r6) = 10.0;, AIR($r3) = 10.0;, AIR($r1) = 10.0;, AIR($r5) = 10.0;, AIR($r2) = 10.0;]
**Action: [AIR($r6) = 10.0;, AIR($r3) = 10.0;, AIR($r4) = 10.0;, AIR($r1) = 10.0;, AIR($r2) = 10.0;, AIR($r5) = 10.0;]
**Action: [AIR($r3) = 10.0;, AIR($r6) = 10.0;, AIR($r1) = 10.0;, AIR($r4) = 10.0;, AIR($r5) = 10.0;, AIR($r2) = 10.0;]
**Action: [AIR($r6) = 10.0;, AIR($r2) = 10.0;, AIR($r3) = 10.0;, AIR($r1) = 10.0;, AIR($r4) = 10.0;, AIR($r5) = 10.0;]
**Action: [AIR($r5) = 0.0;, AIR($r3) = 3.0010059948901766;, AIR($r2) = 0.0;, AIR($r1) = 3.0010059948901766;, AIR($r6) = 3.0010059948901766;, AIR($r4) = 3.0010059948901766;]
**Action: [AIR($r6) = 2.962812947558291;, AIR($r2) = 2.455908576632473;, AIR($r5) = 2.455908576632473;, AIR($r4) = 2.962812947558291;, AIR($r1) = 2.962812947558291;, AIR($r3) = 2.962812947558291;]
**Action: [AIR($r4) = 3.001489295976013;, AIR($r6) = 3.001489295976013;, AIR($r2) = 1.593610640626325;, AIR($r3) = 3.001489295976013;, AIR($r1) = 3.001489295976013;, AIR($r5) = 1.593610640626325;]
**Action: [AIR($r6) = 2.976861325000125;, AIR($r5) = 1.9533870119920904;, AIR($r1) = 2.976861325000125;, AIR($r3) = 2.976861325000125;, AIR($r2) = 1.9533870119920904;, AIR($r4) = 2.976861325000125;]
**Action: [AIR($r5) = 1.8054095830601313;, AIR($r4) = 2.9909704678029767;, AIR($r3) = 2.9909704678029767;, AIR($r6) = 2.9909704678029767;, AIR($r2) = 1.8054095830601313;, AIR($r1) = 2.9909704678029767;]
**Action: [AIR($r4) = 2.983373793338302;, AIR($r3) = 2.983373793338302;, AIR($r2) = 1.8667337233744818;, AIR($r6) = 2.983373793338302;, AIR($r1) = 2.983373793338302;, AIR($r5) = 1.8667337233744818;]

*********************************************************
>>> ROUND END, reward = -482120.6394397812
*********************************************************

*********************************************************
>>> ROUND INIT 1/1; time remaining = 1.7976931348623157E308, horizon = 10
*********************************************************
**Action: [AIR($r5) = 10.0;, AIR($r4) = 10.0;, AIR($r6) = 10.0;, AIR($r1) = 10.0;, AIR($r3) = 10.0;, AIR($r2) = 10.0;]
**Action: [AIR($r5) = 10.0;, AIR($r3) = 10.0;, AIR($r1) = 10.0;, AIR($r6) = 10.0;, AIR($r4) = 10.0;, AIR($r2) = 10.0;]
**Action: [AIR($r5) = 10.0;, AIR($r4) = 10.0;, AIR($r3) = 10.0;, AIR($r1) = 10.0;, AIR($r6) = 10.0;, AIR($r2) = 10.0;]
**Action: [AIR($r3) = 10.0;, AIR($r6) = 10.0;, AIR($r1) = 10.0;, AIR($r2) = 10.0;, AIR($r4) = 10.0;, AIR($r5) = 10.0;]
**Action: [AIR($r4) = 3.0010059948901766;, AIR($r5) = 0.0;, AIR($r1) = 3.0010059948901766;, AIR($r3) = 3.0010059948901766;, AIR($r6) = 3.0010059948901766;, AIR($r2) = 0.0;]
**Action: [AIR($r5) = 2.455908576632473;, AIR($r4) = 2.962812947558291;, AIR($r1) = 2.962812947558291;, AIR($r2) = 2.455908576632473;, AIR($r6) = 2.962812947558291;, AIR($r3) = 2.962812947558291;]
**Action: [AIR($r2) = 1.593610640626325;, AIR($r6) = 3.001489295976013;, AIR($r5) = 1.593610640626325;, AIR($r4) = 3.001489295976013;, AIR($r3) = 3.001489295976013;, AIR($r1) = 3.001489295976013;]
**Action: [AIR($r5) = 1.9533870119920904;, AIR($r3) = 2.976861325000125;, AIR($r2) = 1.9533870119920904;, AIR($r1) = 2.976861325000125;, AIR($r6) = 2.976861325000125;, AIR($r4) = 2.976861325000125;]
**Action: [AIR($r4) = 2.9909704678029767;, AIR($r3) = 2.9909704678029767;, AIR($r1) = 2.9909704678029767;, AIR($r2) = 1.8054095830601313;, AIR($r6) = 2.9909704678029767;, AIR($r5) = 1.8054095830601313;]
**Action: [AIR($r4) = 2.983373793338302;, AIR($r5) = 1.8667337233744818;, AIR($r3) = 2.983373793338302;, AIR($r6) = 2.983373793338302;, AIR($r1) = 2.983373793338302;, AIR($r2) = 1.8667337233744818;]

*********************************************************
>>> ROUND END, reward = -482120.6394397812
*********************************************************

*********************************************************
>>> ROUND INIT 1/1; time remaining = 1.7976931348623157E308, horizon = 10
*********************************************************
**Action: [AIR($r1) = 10.0;, AIR($r4) = 10.0;, AIR($r3) = 10.0;, AIR($r2) = 10.0;, AIR($r5) = 10.0;, AIR($r6) = 10.0;]
**Action: [AIR($r5) = 10.0;, AIR($r4) = 10.0;, AIR($r2) = 10.0;, AIR($r6) = 10.0;, AIR($r1) = 10.0;, AIR($r3) = 10.0;]
**Action: [AIR($r3) = 10.0;, AIR($r2) = 10.0;, AIR($r4) = 10.0;, AIR($r1) = 10.0;, AIR($r6) = 10.0;, AIR($r5) = 10.0;]
**Action: [AIR($r4) = 10.0;, AIR($r2) = 10.0;, AIR($r6) = 10.0;, AIR($r1) = 10.0;, AIR($r5) = 10.0;, AIR($r3) = 10.0;]
**Action: [AIR($r6) = 3.0010059948901766;, AIR($r4) = 3.0010059948901766;, AIR($r2) = 0.0;, AIR($r5) = 0.0;, AIR($r3) = 3.0010059948901766;, AIR($r1) = 3.0010059948901766;]
**Action: [AIR($r1) = 2.962812947558291;, AIR($r4) = 2.962812947558291;, AIR($r2) = 2.455908576632473;, AIR($r3) = 2.962812947558291;, AIR($r5) = 2.455908576632473;, AIR($r6) = 2.962812947558291;]
**Action: [AIR($r6) = 3.001489295976013;, AIR($r4) = 3.001489295976013;, AIR($r3) = 3.001489295976013;, AIR($r2) = 1.593610640626325;, AIR($r1) = 3.001489295976013;, AIR($r5) = 1.593610640626325;]
**Action: [AIR($r3) = 2.976861325000125;, AIR($r4) = 2.976861325000125;, AIR($r5) = 1.9533870119920904;, AIR($r6) = 2.976861325000125;, AIR($r2) = 1.9533870119920904;, AIR($r1) = 2.976861325000125;]
**Action: [AIR($r4) = 2.9909704678029767;, AIR($r5) = 1.8054095830601313;, AIR($r6) = 2.9909704678029767;, AIR($r1) = 2.9909704678029767;, AIR($r2) = 1.8054095830601313;, AIR($r3) = 2.9909704678029767;]
**Action: [AIR($r6) = 2.983373793338302;, AIR($r4) = 2.983373793338302;, AIR($r3) = 2.983373793338302;, AIR($r2) = 1.8667337233744818;, AIR($r1) = 2.983373793338302;, AIR($r5) = 1.8667337233744818;]

*********************************************************
>>> ROUND END, reward = -482120.6394397812
*********************************************************

*********************************************************
>>> ROUND INIT 1/1; time remaining = 1.7976931348623157E308, horizon = 10
*********************************************************
**Action: [AIR($r2) = 10.0;, AIR($r1) = 10.0;, AIR($r6) = 10.0;, AIR($r3) = 10.0;, AIR($r4) = 10.0;, AIR($r5) = 10.0;]
**Action: [AIR($r2) = 10.0;, AIR($r5) = 10.0;, AIR($r3) = 10.0;, AIR($r1) = 10.0;, AIR($r6) = 10.0;, AIR($r4) = 10.0;]
**Action: [AIR($r5) = 10.0;, AIR($r4) = 10.0;, AIR($r1) = 10.0;, AIR($r2) = 10.0;, AIR($r3) = 10.0;, AIR($r6) = 10.0;]
**Action: [AIR($r2) = 10.0;, AIR($r5) = 10.0;, AIR($r6) = 10.0;, AIR($r4) = 10.0;, AIR($r3) = 10.0;, AIR($r1) = 10.0;]
**Action: [AIR($r5) = 0.0;, AIR($r6) = 3.0010059948901766;, AIR($r4) = 3.0010059948901766;, AIR($r3) = 3.0010059948901766;, AIR($r2) = 0.0;, AIR($r1) = 3.0010059948901766;]
**Action: [AIR($r2) = 2.455908576632473;, AIR($r6) = 2.962812947558291;, AIR($r4) = 2.962812947558291;, AIR($r3) = 2.962812947558291;, AIR($r1) = 2.962812947558291;, AIR($r5) = 2.455908576632473;]
**Action: [AIR($r4) = 3.001489295976013;, AIR($r6) = 3.001489295976013;, AIR($r1) = 3.001489295976013;, AIR($r5) = 1.593610640626325;, AIR($r2) = 1.593610640626325;, AIR($r3) = 3.001489295976013;]
**Action: [AIR($r6) = 2.976861325000125;, AIR($r1) = 2.976861325000125;, AIR($r2) = 1.9533870119920904;, AIR($r5) = 1.9533870119920904;, AIR($r3) = 2.976861325000125;, AIR($r4) = 2.976861325000125;]
**Action: [AIR($r6) = 2.9909704678029767;, AIR($r4) = 2.9909704678029767;, AIR($r2) = 1.8054095830601313;, AIR($r5) = 1.8054095830601313;, AIR($r1) = 2.9909704678029767;, AIR($r3) = 2.9909704678029767;]
**Action: [AIR($r4) = 2.983373793338302;, AIR($r5) = 1.8667337233744818;, AIR($r1) = 2.983373793338302;, AIR($r2) = 1.8667337233744818;, AIR($r3) = 2.983373793338302;, AIR($r6) = 2.983373793338302;]

*********************************************************
>>> ROUND END, reward = -482120.6394397812
*********************************************************

*********************************************************
