non-fluents nf_inventory_control_15 {
	 domain = inventory_control_continuous;
	 objects {
		 item : {t0,t1,t2,t3,t4,t5,t6,t7,t8,t9,t10,t11,t12,t13,t14};
	 };
	 non-fluents {
		 demand(t0) = 4.567082293753172;
		 demand(t1) = 5.190841066317416;
		 demand(t2) = 4.578476132661638;
		 demand(t3) = 4.789737238081403;
		 demand(t4) = 5.208787394787444;
		 demand(t5) = 5.263870644400085;
		 demand(t6) = 5.659811856890807;
		 demand(t7) = 5.30285855705159;
		 demand(t8) = 4.8077168007953155;
		 demand(t9) = 4.324921649739992;
		 demand(t10) = 5.42856628309031;
		 demand(t11) = 5.09729897245218;
		 demand(t12) = 5.20705446170538;
		 demand(t13) = 5.929983590479571;
		 demand(t14) = 4.220113439306256;

		 payoff(t0) = 1.2402493762519033;
		 payoff(t1) = 1.6145046397904497;
		 payoff(t2) = 1.247085679596983;
		 payoff(t3) = 1.3738423428488418;
		 payoff(t4) = 1.6252724368724665;
		 payoff(t5) = 1.658322386640051;
		 payoff(t6) = 1.8958871141344842;
		 payoff(t7) = 1.6817151342309542;
		 payoff(t8) = 1.3846300804771894;
		 payoff(t9) = 1.0949529898439954;
		 payoff(t10) = 1.7571397698541864;
		 payoff(t11) = 1.5583793834713082;
		 payoff(t12) = 1.6242326770232278;
		 payoff(t13) = 2.0579901542877423;
		 payoff(t14) = 1.0320680635837534;

		 cost(t0) = 0.7134164587506345;
		 cost(t1) = 0.8381682132634833;
		 cost(t2) = 0.7156952265323276;
		 cost(t3) = 0.7579474476162806;
		 cost(t4) = 0.8417574789574889;
		 cost(t5) = 0.852774128880017;
		 cost(t6) = 0.9319623713781614;
		 cost(t7) = 0.8605717114103181;
		 cost(t8) = 0.7615433601590632;
		 cost(t9) = 0.6649843299479985;
		 cost(t10) = 0.8857132566180622;
		 cost(t11) = 0.8194597944904362;
		 cost(t12) = 0.8414108923410759;
		 cost(t13) = 0.9859967180959142;
		 cost(t14) = 0.6440226878612512;
		 capacity = 444.74876928596785;
	 };
}
instance inst_inventory_control_15 { 
	 domain = inventory_control_continuous;
	 non-fluents = nf_inventory_control_15;
	 horizon = 100;
	 discount = 1.0;
}